701.000000 0.000000
702.000000 0.000000
703.000000 0.000000
704.000000 0.000000
706.000000 0.000000
710.000000 0.000000
713.000000 0.000000
721.000000 0.000000
690.000000 1.000000
691.000000 1.000000
692.000000 1.000000
702.000000 1.000000
703.000000 1.000000
1048.000000 127.000000
1058.000000 128.000000
1059.000000 128.000000
1060.000000 128.000000
1061.000000 128.000000
1064.000000 129.000000
1065.000000 129.000000
1066.000000 129.000000
1067.000000 129.000000
1068.000000 129.000000
1072.000000 129.000000
1057.000000 130.000000
1069.000000 130.000000
1070.000000 130.000000
1065.000000 259.000000
1079.000000 259.000000
1078.000000 260.000000
1079.000000 260.000000
1080.000000 260.000000
1081.000000 260.000000
1084.000000 260.000000
1085.000000 260.000000
1086.000000 260.000000
1083.000000 261.000000
1084.000000 261.000000
1085.000000 261.000000
1086.000000 261.000000
1087.000000 261.000000
1088.000000 261.000000
1090.000000 261.000000
1091.000000 261.000000
1094.000000 261.000000
1073.000000 262.000000
1074.000000 262.000000
1081.000000 262.000000
1082.000000 262.000000
1084.000000 262.000000
1085.000000 262.000000
1086.000000 262.000000
1394.000000 384.000000
1397.000000 385.000000
1398.000000 385.000000
1400.000000 386.000000
1401.000000 386.000000
1402.000000 386.000000
1403.000000 386.000000
1404.000000 386.000000
1405.000000 386.000000
1406.000000 386.000000
1407.000000 386.000000
1408.000000 386.000000
1401.000000 387.000000
1402.000000 387.000000
1403.000000 387.000000
1404.000000 387.000000
1405.000000 387.000000
1408.000000 387.000000
1393.000000 388.000000
1394.000000 388.000000
1395.000000 388.000000
1396.000000 388.000000
1401.000000 388.000000
1402.000000 388.000000
1403.000000 388.000000
1383.000000 389.000000
1402.000000 389.000000
1416.000000 389.000000
696.000000 510.000000
697.000000 510.000000
698.000000 510.000000
699.000000 510.000000
700.000000 510.000000
701.000000 510.000000
704.000000 510.000000
705.000000 510.000000
732.000000 510.000000
704.000000 511.000000
705.000000 511.000000
706.000000 511.000000
707.000000 511.000000
708.000000 511.000000
709.000000 511.000000
717.000000 511.000000
