101 159 21
102 159 21
100 160 21
101 160 21
102 160 21
103 160 21
104 160 21
99 161 21
100 161 21
101 161 21
102 161 21
103 161 21
104 161 21
99 162 21
100 162 21
101 162 21
102 162 21
103 162 21
104 162 21
99 163 21
100 163 21
101 163 21
102 163 21
103 163 21
104 163 21
100 164 21
101 164 21
102 164 21
103 164 21
101 158 22
102 158 22
103 158 22
99 159 22
100 159 22
101 159 22
102 159 22
103 159 22
104 159 22
99 160 22
100 160 22
101 160 22
102 160 22
103 160 22
104 160 22
105 160 22
99 161 22
100 161 22
101 161 22
102 161 22
103 161 22
104 161 22
105 161 22
99 162 22
100 162 22
101 162 22
102 162 22
103 162 22
104 162 22
105 162 22
99 163 22
100 163 22
101 163 22
102 163 22
103 163 22
104 163 22
99 164 22
100 164 22
101 164 22
102 164 22
103 164 22
104 164 22
101 165 22
102 165 22
103 165 22
101 157 23
102 157 23
100 158 23
101 158 23
102 158 23
103 158 23
104 158 23
99 159 23
100 159 23
101 159 23
102 159 23
103 159 23
104 159 23
105 159 23
98 160 23
99 160 23
100 160 23
101 160 23
102 160 23
103 160 23
104 160 23
105 160 23
98 161 23
99 161 23
100 161 23
101 161 23
102 161 23
103 161 23
104 161 23
105 161 23
98 162 23
99 162 23
100 162 23
101 162 23
102 162 23
103 162 23
104 162 23
105 162 23
99 163 23
100 163 23
101 163 23
102 163 23
103 163 23
104 163 23
105 163 23
99 164 23
100 164 23
101 164 23
102 164 23
103 164 23
104 164 23
100 165 23
101 165 23
102 165 23
103 165 23
100 157 24
101 157 24
102 157 24
103 157 24
99 158 24
100 158 24
101 158 24
102 158 24
103 158 24
104 158 24
99 159 24
100 159 24
101 159 24
102 159 24
103 159 24
104 159 24
105 159 24
99 160 24
100 160 24
101 160 24
102 160 24
103 160 24
104 160 24
105 160 24
99 161 24
100 161 24
101 161 24
102 161 24
103 161 24
104 161 24
105 161 24
99 162 24
100 162 24
101 162 24
102 162 24
103 162 24
104 162 24
105 162 24
99 163 24
100 163 24
101 163 24
102 163 24
103 163 24
104 163 24
105 163 24
100 164 24
101 164 24
102 164 24
103 164 24
104 164 24
102 165 24
101 156 25
102 156 25
99 157 25
100 157 25
101 157 25
102 157 25
103 157 25
104 157 25
99 158 25
100 158 25
101 158 25
102 158 25
103 158 25
104 158 25
99 159 25
100 159 25
101 159 25
102 159 25
103 159 25
104 159 25
99 160 25
100 160 25
101 160 25
102 160 25
103 160 25
104 160 25
105 160 25
99 161 25
100 161 25
101 161 25
102 161 25
103 161 25
104 161 25
100 162 25
101 162 25
102 162 25
103 162 25
104 162 25
101 163 25
102 163 25
103 163 25
101 156 26
102 156 26
100 157 26
101 157 26
102 157 26
103 157 26
100 158 26
101 158 26
102 158 26
103 158 26
102 159 26
